00000000000001100000000000000000
00000000000111111000000000000000
00000000011111111110000000000000
00000001111111111111100000000000
00000111111100001111111000000000
00011111110000000011111110000000
01111111000000000000111111100000
11111100000000000000001111110000
11111000000000000000000111110000
11111000000000000000000111110000
11111000000000000000000111110000
11111000000000000000000111110000
11111000000000000000000111110000
11111000000000000000000111110000
11111000000000000000000111110000
11111000000000000000000111110000
11111111111111111111111111110000
11111111111111111111111111110000
11111111111111111111111111110000
11111111111111111111111111110000
11111111111111111111111111110000
11111000000000000000000111110000
11111000000000000000000111110000
11111000000000000000000111110000
11111000000000000000000111110000
11111000000000000000000111110000
11111000000000000000000111110000
11111000000000000000000111110000
11111000000000000000000111110000
11111000000000000000000111110000
11111000000000000000000111110000
11111000000000000000000111110000
00000000000111111000000000000000
00000000111111111111000000000000
00000011111111111111110000000000
00000111111100001111111000000000
00001111110000000011111100000000
00011111000000000000111110000000
00111110000000000000011111000000
00111100000000000000001111000000
01111100000000000000001111100000
01111000000000000000000111100000
01111000000000000000000111100000
11111000000000000000000111110000
11111000000000000000000111110000
11111000000000000000000111110000
11111000000000000000000111110000
11111000000000000000000111110000
11111000000000000000000111110000
11111000000000000000000111110000
11111000000000000000000111110000
11111000000000000000000111110000
11111000000000000000000111110000
01111000000000000000000111100000
01111000000000000000000111100000
01111100000000000000001111100000
00111100000000000000001111000000
00111110000000000000011111000000
00011111000000000000111110000000
00001111110000000011111100000000
00000111111100001111111000000000
00000011111111111111110000000000
00000000111111111111000000000000
00000000000111111000000000000000
11111111111111111111100000000000
11111111111111111111110000000000
11111111111111111111111000000000
11111111111111111111111100000000
11111000000000000001111110000000
11111000000000000000001110000000
11111000000000000000000111000000
11111000000000000000000011000000
11111000000000000000000011100000
11111000000000000000000011100000
11111000000000000000000011100000
11111000000000000000000011100000
11111000000000000000000011100000
11111000000000000000000011100000
11111000000000000000000011000000
11111000000000000000000111000000
11111000000000000000001110000000
11111000000000000001111110000000
11111111111111111111111100000000
11111111111111111111111000000000
11111111111111111111110000000000
11111111111111111111100000000000
11111000000000000000000000000000
11111000000000000000000000000000
11111000000000000000000000000000
11111000000000000000000000000000
11111000000000000000000000000000
11111000000000000000000000000000
11111000000000000000000000000000
11111000000000000000000000000000
11111000000000000000000000000000
11111000000000000000000000000000
00000000000111111000000000000000
00000000111111111111000000000000
00000011111111111111110000000000
00000111111100001111111000000000
00001111110000000011111100000000
00011111000000000000111110000000
00111110000000000000011111000000
00111100000000000000001111000000
01111100000000000000001111100000
01111000000000000000000111100000
01111000000000000000000111100000
11111000000000000000000111110000
11111000000000000000000111110000
11111000000000000000000111110000
11111000000000000000000111110000
11111000000000000000000111110000
11111000000000000000000111110000
11111000000000000000000111110000
11111000000000001000000111110000
11111000000000011100000111110000
11111000000000111110000111110000
01111000000000011111000111100000
01111000000000001111100111100000
01111100000000000111111111100000
00111100000000000011111111000000
00111110000000000001111111000000
00011111000000000000111110000000
00001111110000000011111111000000
00000111111100001111111111100000
00000011111111111111110111110000
00000000111111111111000011100000
00000000000111111000000001000000
11111111111111111111100000000000
11111111111111111111110000000000
11111111111111111111111000000000
11111111111111111111111100000000
11111000000000000001111110000000
11111000000000000000001110000000
11111000000000000000000111000000
11111000000000000000000011000000
11111000000000000000000011100000
11111000000000000000000011100000
11111000000000000000000011100000
11111000000000000000000011100000
11111000000000000000000011100000
11111000000000000000000011100000
11111000000000000000000011000000
11111000000000000000000111000000
11111000000000000000001110000000
11111000000000000001111110000000
11111111111111111111111100000000
11111111111111111111111000000000
11111111111111111111110000000000
11111111111111111111100000000000
11111000000000111110000000000000
11111000000000011111000000000000
11111000000000001111100000000000
11111000000000000111110000000000
11111000000000000011111000000000
11111000000000000001111100000000
11111000000000000000111110000000
11111000000000000000011111000000
11111000000000000000001111100000
11111000000000000000000111110000
00000000011111111110000000000000
00000111111111111111111000000000
00011111111111111111111110000000
00111111110000000011111111000000
01111110000000000000011111100000
01111000000000000000000111110000
11110000000000000000000011110000
11110000000000000000000011110000
11110000000000000000000000000000
11110000000000000000000000000000
01111000000000000000000000000000
01111110000000000000000000000000
00111111100000000000000000000000
00011111111000000000000000000000
00000111111111100000000000000000
00000000111111111100000000000000
00000000001111111111000000000000
00000000000001111111111000000000
00000000000000000111111110000000
00000000000000000001111111000000
00000000000000000000011111100000
00000000000000000000000111100000
00000000000000000000000011110000
00000000000000000000000011110000
11110000000000000000000011110000
11110000000000000000000011110000
11111000000000000000000111100000
01111110000000000000011111100000
00111111110000000011111111000000
00011111111111111111111110000000
00000111111111111111111000000000
00000000011111111110000000000000
11111111111111111111111111110000
11111111111111111111111111110000
11111111111111111111111111110000
11111111111111111111111111110000
11111111111111111111111111110000
00000000000111111000000000000000
00000000000111111000000000000000
00000000000111111000000000000000
00000000000111111000000000000000
00000000000111111000000000000000
00000000000111111000000000000000
00000000000111111000000000000000
00000000000111111000000000000000
00000000000111111000000000000000
00000000000111111000000000000000
00000000000111111000000000000000
00000000000111111000000000000000
00000000000111111000000000000000
00000000000111111000000000000000
00000000000111111000000000000000
00000000000111111000000000000000
00000000000111111000000000000000
00000000000111111000000000000000
00000000000111111000000000000000
00000000000111111000000000000000
00000000000111111000000000000000
00000000000111111000000000000000
00000000000111111000000000000000
00000000000111111000000000000000
00000000000111111000000000000000
00000000000111111000000000000000
00000000000111111000000000000000
