00000000000111111000000000000000
00000000000111111000000000000000
00000000000111111000000000000000
00000000000111111000000000000000
00000000000111111000000000000000
00000000000111111000000000000000
00000000000111111000000000000000
00000000000111111000000000000000
00000000000111111000000000000000
00000000000111111000000000000000
00000000000111111000000000000000
00000000000111111000000000000000
00000000000111111000000000000000
00000000000111111000000000000000
00000000000111111000000000000000
00000000000111111000000000000000
00000000000111111000000000000000
00000000000111111000000000000000
00000000000111111000000000000000
00000000000111111000000000000000
00000000000111111000000000000000
00000000000111111000000000000000
00000000000111111000000000000000
00000000000111111000000000000000
00000000000111111000000000000000
00000000000111111000000000000000
00000000000111111000000000000000
00000000000111111000000000000000
00000000000111111000000000000000
00000000000111111000000000000000
00000000000111111000000000000000
00000000000111111000000000000000
00000000000000000011111100000000
00000000000000000011111100000000
00000000000000000011111100000000
00000000000000000011111100000000
00000000000000000011111100000000
00000000000000000011111100000000
00000000000000000011111100000000
00000000000000000011111100000000
00000000000000000011111100000000
00000000000000000011111100000000
00000000000000000011111100000000
00000000000000000011111100000000
00000000000000000011111100000000
00000000000000000011111100000000
00000000000000000011111100000000
00000000000000000011111100000000
00000000000000000011111100000000
00000000000000000011111100000000
00000000000000000011111100000000
00000000000000000011111100000000
00000000000000000011111100000000
00000000000000000011111100000000
00000000000000000011111100000000
00000000000000000011111100000000
00000000000000000011111100000000
00011111100000000011111100000000
00001111110000000011111100000000
00000111111000000011111100000000
00000011111100000111111000000000
00000001111110001111110000000000
00000000111111011111100000000000
00000000011111111111000000000000
11111100000000000001111110000000
11111100000000000011111100000000
11111100000000000111111000000000
11111100000000001111110000000000
11111100000000011111100000000000
11111100000000111111000000000000
11111100000001111110000000000000
11111100000011111100000000000000
11111100000111111000000000000000
11111100001111110000000000000000
11111100011111100000000000000000
11111100111111000000000000000000
11111101111110000000000000000000
11111111111100000000000000000000
11111111111000000000000000000000
11111111110000000000000000000000
11111111110000000000000000000000
11111111111000000000000000000000
11111111111100000000000000000000
11111101111110000000000000000000
11111100111111000000000000000000
11111100011111100000000000000000
11111100001111110000000000000000
11111100000111111000000000000000
11111100000011111100000000000000
11111100000001111110000000000000
11111100000000111111000000000000
11111100000000011111100000000000
11111100000000001111110000000000
11111100000000000111111000000000
11111100000000000011111100000000
11111100000000000001111110000000
11111100000000000000000000000000
11111100000000000000000000000000
11111100000000000000000000000000
11111100000000000000000000000000
11111100000000000000000000000000
11111100000000000000000000000000
11111100000000000000000000000000
11111100000000000000000000000000
11111100000000000000000000000000
11111100000000000000000000000000
11111100000000000000000000000000
11111100000000000000000000000000
11111100000000000000000000000000
11111100000000000000000000000000
11111100000000000000000000000000
11111100000000000000000000000000
11111100000000000000000000000000
11111100000000000000000000000000
11111100000000000000000000000000
11111100000000000000000000000000
11111100000000000000000000000000
11111100000000000000000000000000
11111100000000000000000000000000
11111100000000000000000000000000
11111100000000000000000000000000
11111100000000000000000000000000
11111111111111111111111111110000
11111111111111111111111111110000
11111111111111111111111111110000
11111111111111111111111111110000
11111111111111111111111111110000
11111100000000000000001111110000
11111110000000000000011111110000
11111111000000000000111111110000
11111111100000000001111111110000
11111111110000000011111111110000
11111111111000000111111111110000
11111101111100001111101111110000
11111100111110011111001111110000
11111100011111111110001111110000
11111100001111111100001111110000
11111100000111111000001111110000
11111100000011110000001111110000
11111100000001100000001111110000
11111100000000000000001111110000
11111100000000000000001111110000
11111100000000000000001111110000
11111100000000000000001111110000
11111100000000000000001111110000
11111100000000000000001111110000
11111100000000000000001111110000
11111100000000000000001111110000
11111100000000000000001111110000
11111100000000000000001111110000
11111100000000000000001111110000
11111100000000000000001111110000
11111100000000000000001111110000
11111100000000000000001111110000
11111100000000000000001111110000
11111100000000000000001111110000
11111100000000000000001111110000
11111100000000000000001111110000
11111100000000000000001111110000
11111100000000000000001111110000
11111110000000000000001111110000
11111111000000000000001111110000
11111111000000000000001111110000
11111111100000000000001111110000
11111111100000000000001111110000
11111111110000000000001111110000
11111111110000000000001111110000
11111111111000000000001111110000
11111111111000000000001111110000
11111101111100000000001111110000
11111101111100000000001111110000
11111100111110000000001111110000
11111100111110000000001111110000
11111100011111000000001111110000
11111100011111000000001111110000
11111100001111100000001111110000
11111100001111100000001111110000
11111100000111110000001111110000
11111100000111110000001111110000
11111100000011111000001111110000
11111100000011111000001111110000
11111100000001111100001111110000
11111100000001111100001111110000
11111100000000111110001111110000
11111100000000111110001111110000
11111100000000011111001111110000
11111100000000011111001111110000
11111100000000001111101111110000
11111100000000001111101111110000
11111100000000000111111111110000
11111100000000000111111111110000
11111100000000000011111111110000